/pointgrey_tf_opt init timestamp is 1555742216.558169000
/pointgrey_tf_opt init timestamp is 1555742216.559732000
Approximate Synchronizer policy is selected
  0.000000 /pointgrey_tf_opt
  0.000000 /pointgrey_tf_opt
100.150827 /pointgrey_tf_opt
100.028008 /pointgrey_tf_opt
 99.993100 /pointgrey_tf_opt
100.029409 /pointgrey_tf_opt
100.073955 /pointgrey_tf_opt
 99.958118 /pointgrey_tf_opt
100.052027 /pointgrey_tf_opt
100.065142 /pointgrey_tf_opt
100.203011 /pointgrey_tf_opt
100.059535 /pointgrey_tf_opt
 99.847034 /pointgrey_tf_opt
 99.957718 /pointgrey_tf_opt
 99.882738 /pointgrey_tf_opt
100.082067 /pointgrey_tf_opt
 99.975806 /pointgrey_tf_opt
 99.997100 /pointgrey_tf_opt
100.051927 /pointgrey_tf_opt
100.040316 /pointgrey_tf_opt
100.085774 /pointgrey_tf_opt
100.022205 /pointgrey_tf_opt
 99.898004 /pointgrey_tf_opt
 99.930249 /pointgrey_tf_opt
100.170490 /pointgrey_tf_opt
100.108818 /pointgrey_tf_opt
100.081566 /pointgrey_tf_opt
 99.997000 /pointgrey_tf_opt
 99.886928 /pointgrey_tf_opt
100.016903 /pointgrey_tf_opt
100.102505 /pointgrey_tf_opt
 99.990901 /pointgrey_tf_opt
 99.935641 /pointgrey_tf_opt
100.042718 /pointgrey_tf_opt
100.223599 /pointgrey_tf_opt
100.002100 /pointgrey_tf_opt
100.000100 /pointgrey_tf_opt
100.055931 /pointgrey_tf_opt
100.041417 /pointgrey_tf_opt
 99.955720 /pointgrey_tf_opt
 99.839059 /pointgrey_tf_opt
100.065943 /pointgrey_tf_opt
100.068146 /pointgrey_tf_opt
 99.997000 /pointgrey_tf_opt
 99.680524 /pointgrey_tf_opt
 99.839757 /pointgrey_tf_opt
100.420662 /pointgrey_tf_opt
100.235955 /pointgrey_tf_opt
 99.948926 /pointgrey_tf_opt
100.013302 /pointgrey_tf_opt
pos_camera:  0.066020 -0.002808  1.527568
pos_camera_inv: 0.277308 1.500462 0.097685
q_camera: -0.622596 0.401390 -0.238356 0.628050
q_camera_inv: 0.622596 -0.401390 0.238356 0.628050
pixel: 110.000000 368.276733 81.243591 365.067322
optical_point(norm,x,y,z): 3.404896 -1.564098 0.860533 2.899379
measured: 1.333540 3.055503 0.731675
delta_t: 0.000000
estimated: 1.331888 3.059304 0.718577 -1.464516 -3.355605 3.661269
coeff:
 0.003412  0.008890 -0.002173  0.000000  0.000000  0.000000
 0.008890  0.023354 -0.005719  0.000000  0.000000  0.000000
-0.002173 -0.005719  0.001463  0.000000  0.000000  0.000000
 0.000000  0.000000  0.000000  4.001000  0.000000  0.000000
 0.000000  0.000000  0.000000  0.000000  4.001000  0.000000
 0.000000  0.000000  0.000000  0.000000  0.000000  4.001000
pos_camera:  0.066020 -0.002808  1.527568
pos_camera_inv: 0.277308 1.500462 0.097685
q_camera: -0.622596 0.401390 -0.238356 0.628050
q_camera_inv: 0.622596 -0.401390 0.238356 0.628050
pixel: 110.737747 364.382355 82.797691 356.695557
optical_point(norm,x,y,z): 3.475480 -1.597159 0.831900 2.972538
measured: 1.379226 3.121959 0.759270
delta_t: 0.012954
estimated: 1.353004 3.074284 0.740382 -0.965417 -3.477168 3.248462
coeff:
 0.001784  0.004628 -0.001145  0.003589  0.007805 -0.002209
 0.004628  0.012200 -0.003027  0.007472  0.021190 -0.006216
-0.001145 -0.003027  0.000812 -0.001640 -0.004937  0.003282
 0.003589  0.007472 -0.001640  2.624329  0.480877 -0.105045
 0.007805  0.021190 -0.004937  0.480877  3.698890 -0.301217
-0.002209 -0.006216  0.003282 -0.105045 -0.301217  2.576884
pos_camera:  0.066020 -0.002808  1.527568
pos_camera_inv: 0.277308 1.500462 0.097685
q_camera: -0.622596 0.401390 -0.238356 0.628050
q_camera_inv: 0.622596 -0.401390 0.238356 0.628050
pixel: 112.087822 359.710571 82.430855 352.241150
optical_point(norm,x,y,z): 3.261868 -1.494540 0.748563 2.801033
measured: 1.316447 2.929377 0.835826
delta_t: 0.009077
estimated: 1.339030 3.005302 0.790793 -0.851689 -3.620017 3.425208
coeff:
 0.001325  0.003379 -0.000809  0.005431  0.012474 -0.002738
 0.003379  0.008803 -0.002115  0.012913  0.032810 -0.007379
-0.000809 -0.002115  0.000569 -0.002970 -0.007707  0.002880
 0.005431  0.012913 -0.002970  2.252271  0.587976 -0.135272
 0.012474  0.032810 -0.007707  0.587976  3.560980 -0.368350
-0.002738 -0.007379  0.002880 -0.135272 -0.368350  2.152542
pos_camera:  0.066020 -0.002808  1.527568
pos_camera_inv: 0.277308 1.500462 0.097685
q_camera: -0.622596 0.401390 -0.238356 0.628050
q_camera_inv: 0.622596 -0.401390 0.238356 0.628050
pixel: 113.192543 355.285706 81.668549 347.374756
optical_point(norm,x,y,z): 3.055554 -1.397061 0.669993 2.633579
measured: 1.253057 2.743826 0.908413
delta_t: 0.012304
estimated: 1.303304 2.889073 0.849913 -0.995208 -4.102721 3.427339
coeff:
 0.001138  0.002863 -0.000653  0.008030  0.018900 -0.003775
 0.002863  0.007385 -0.001693  0.019476  0.049001 -0.009969
-0.000653 -0.001693  0.000447 -0.004351 -0.011107  0.003369
 0.008030  0.019476 -0.004351  1.819319  0.682526 -0.156154
 0.018900  0.049001 -0.011107  0.682526  3.326768 -0.416904
-0.003775 -0.009969  0.003369 -0.156154 -0.416904  1.681782
pos_camera:  0.066020 -0.002808  1.527568
pos_camera_inv: 0.277308 1.500462 0.097685
q_camera: -0.622596 0.401390 -0.238356 0.628050
q_camera_inv: 0.622596 -0.401390 0.238356 0.628050
pixel: 112.495285 350.495270 81.393204 342.194183
optical_point(norm,x,y,z): 3.089856 -1.420367 0.641956 2.667894
measured: 1.273014 2.779607 0.937192
delta_t: 0.008734
estimated: 1.287864 2.835982 0.896203 -1.047401 -4.234603 3.528927
coeff:
 0.000990  0.002467 -0.000535  0.008292  0.020055 -0.003961
 0.002467  0.006313 -0.001379  0.020454  0.051404 -0.010269
-0.000535 -0.001379  0.000356 -0.004412 -0.011196  0.002912
 0.008292  0.020454 -0.004412  1.644381  0.661071 -0.150998
 0.020055  0.051404 -0.011196  0.661071  3.101463 -0.399131
-0.003961 -0.010269  0.002912 -0.150998 -0.399131  1.500284
pos_camera:  0.066020 -0.002808  1.527568
pos_camera_inv: 0.277308 1.500462 0.097685
q_camera: -0.622596 0.401390 -0.238356 0.628050
q_camera_inv: 0.622596 -0.401390 0.238356 0.628050
pixel: 113.059525 345.734131 80.483421 337.853394
optical_point(norm,x,y,z): 2.943285 -1.352857 0.581161 2.548520
measured: 1.227667 2.648383 0.994005
delta_t: 0.008795
estimated: 1.263040 2.754287 0.947036 -1.190327 -4.646732 3.645394
coeff:
 0.000903  0.002237 -0.000459  0.008480  0.020715 -0.004014
 0.002237  0.005700 -0.001178  0.020926  0.052814 -0.010338
-0.000459 -0.001178  0.000296 -0.004283 -0.010910  0.002718
 0.008480  0.020926 -0.004283  1.494793  0.619807 -0.139788
 0.020715  0.052814 -0.010910  0.619807  2.859261 -0.368375
-0.004014 -0.010338  0.002718 -0.139788 -0.368375  1.354633
pos_camera:  0.066020 -0.002808  1.527568
pos_camera_inv: 0.277308 1.500462 0.097685
q_camera: -0.622596 0.401390 -0.238356 0.628050
q_camera_inv: 0.622596 -0.401390 0.238356 0.628050
pixel: 113.145454 340.731323 79.799675 332.402313
optical_point(norm,x,y,z): 2.866385 -1.320151 0.531446 2.488158
measured: 1.207732 2.581064 1.041500
delta_t: 0.009391
estimated: 1.237419 2.672603 0.997665 -1.335816 -5.029924 3.726934
coeff:
 0.000845  0.002080 -0.000402  0.008498  0.020823 -0.003947
 0.002080  0.005265 -0.001026  0.020891  0.052732 -0.010095
-0.000402 -0.001026  0.000250 -0.004035 -0.010283  0.002498
 0.008498  0.020891 -0.004035  1.350019  0.564594 -0.125093
 0.020823  0.052732 -0.010283  0.564594  2.589296 -0.328710
-0.003947 -0.010095  0.002498 -0.125093 -0.328710  1.217941
pos_camera:  0.066020 -0.002808  1.527568
pos_camera_inv: 0.277308 1.500462 0.097685
q_camera: -0.622596 0.401390 -0.238356 0.628050
q_camera_inv: 0.622596 -0.401390 0.238356 0.628050
pixel: 112.643028 330.522461 78.298325 327.200928
optical_point(norm,x,y,z): 2.789004 -1.291714 0.466721 2.427383
measured: 1.188066 2.515245 1.104529
delta_t: 0.019172
estimated: 1.200707 2.553307 1.088615 -1.463424 -5.274306 3.841948
coeff:
 0.000903  0.002214 -0.000400  0.009967  0.024276 -0.004366
 0.002214  0.005569 -0.001016  0.024250  0.061144 -0.011136
-0.000400 -0.001016  0.000233 -0.004367 -0.011151  0.002747
 0.009967  0.024250 -0.004367  1.006645  0.516126 -0.105365
 0.024276  0.061144 -0.011151  0.516126  2.123174 -0.275273
-0.004366 -0.011136  0.002747 -0.105365 -0.275273  0.875033
pos_camera:  0.066020 -0.002808  1.527568
pos_camera_inv: 0.277308 1.500462 0.097685
q_camera: -0.622596 0.401390 -0.238356 0.628050
q_camera_inv: 0.622596 -0.401390 0.238356 0.628050
pixel: 111.007248 326.293488 76.822220 323.066681
optical_point(norm,x,y,z): 2.802733 -1.308850 0.440732 2.438848
measured: 1.192791 2.532825 1.132262
delta_t: 0.009789
estimated: 1.183935 2.517428 1.124017 -1.466753 -5.120006 3.725475
coeff:
 0.000788  0.001912 -0.000296  0.008045  0.019764 -0.003286
 0.001912  0.004761 -0.000747  0.019644  0.049190 -0.008252
-0.000296 -0.000747  0.000160 -0.003064 -0.007748  0.001631
 0.008045  0.019644 -0.003064  0.906234  0.408637 -0.081265
 0.019764  0.049190 -0.007748  0.408637  1.788509 -0.211512
-0.003286 -0.008252  0.001631 -0.081265 -0.211512  0.797818
pos_camera:  0.066020 -0.002808  1.527568
pos_camera_inv: 0.277308 1.500462 0.097685
q_camera: -0.622596 0.401390 -0.238356 0.628050
q_camera_inv: 0.622596 -0.401390 0.238356 0.628050
pixel: 113.218292 320.970490 74.614159 318.901825
optical_point(norm,x,y,z): 2.472715 -1.146436 0.362137 2.160755
measured: 1.077419 2.230021 1.202193
delta_t: 0.009891
estimated: 1.131745 2.367013 1.179350 -1.838248 -6.093236 3.818093
coeff:
 0.000704  0.001707 -0.000244  0.006760  0.016646 -0.002683
 0.001707  0.004262 -0.000618  0.016520  0.041519 -0.006758
-0.000244 -0.000618  0.000132 -0.002381 -0.006052  0.001277
 0.006760  0.016520 -0.002381  0.826074  0.331944 -0.065495
 0.016646  0.041519 -0.006052  0.331944  1.545018 -0.171030
-0.002683 -0.006758  0.001277 -0.065495 -0.171030  0.738383
pos_camera:  0.066020 -0.002808  1.527568
pos_camera_inv: 0.277308 1.500462 0.097685
q_camera: -0.622596 0.401390 -0.238356 0.628050
q_camera_inv: 0.622596 -0.401390 0.238356 0.628050
pixel: 110.388885 316.333344 77.627449 312.568634
optical_point(norm,x,y,z): 2.915182 -1.369617 0.387800 2.544022
measured: 1.253360 2.637634 1.186136
delta_t: 0.009796
estimated: 1.164905 2.429970 1.197183 -1.376928 -4.964762 3.526897
coeff:
 0.000611  0.001470 -0.000190  0.005507  0.013499 -0.002081
 0.001470  0.003641 -0.000479  0.013345  0.033403 -0.005207
-0.000190 -0.000479  0.000101 -0.001742 -0.004419  0.000931
 0.005507  0.013345 -0.001742  0.757983  0.266781 -0.052265
 0.013499  0.033403 -0.004419  0.266781  1.335178 -0.136671
-0.002081 -0.005207  0.000931 -0.052265 -0.136671  0.687668
pos_camera:  0.066020 -0.002808  1.527568
pos_camera_inv: 0.277308 1.500462 0.097685
q_camera: -0.622596 0.401390 -0.238356 0.628050
q_camera_inv: 0.622596 -0.401390 0.238356 0.628050
pixel: 106.446663 311.393341 73.805557 311.111115
optical_point(norm,x,y,z): 2.939666 -1.404233 0.367069 2.556370
measured: 1.247876 2.670290 1.212290
delta_t: 0.009981
estimated: 1.170711 2.478568 1.230271 -1.169211 -4.137220 3.369225
coeff:
 0.000592  0.001410 -0.000167  0.005020  0.012229 -0.001816
 0.001410  0.003469 -0.000421  0.012050  0.030047 -0.004521
-0.000167 -0.000421  0.000090 -0.001444 -0.003663  0.000795
 0.005020  0.012050 -0.001444  0.703744  0.227134 -0.043887
 0.012229  0.030047 -0.003663  0.227134  1.193905 -0.114798
-0.001816 -0.004521  0.000795 -0.043887 -0.114798  0.643497
pos_camera:  0.066020 -0.002808  1.527568
pos_camera_inv: 0.277308 1.500462 0.097685
q_camera: -0.622596 0.401390 -0.238356 0.628050
q_camera_inv: 0.622596 -0.401390 0.238356 0.628050
pixel: 107.596352 305.731781 73.708694 304.069580
optical_point(norm,x,y,z): 2.822090 -1.344436 0.310265 2.461792
measured: 1.217239 2.560321 1.264402
delta_t: 0.009850
estimated: 1.180907 2.475143 1.266016 -1.009546 -3.832052 3.269813
coeff:
 0.000572  0.001379 -0.000142  0.004571  0.011236 -0.001560
 0.001379  0.003436 -0.000365  0.011106  0.027975 -0.003944
-0.000142 -0.000365  0.000079 -0.001163 -0.002993  0.000655
 0.004571  0.011106 -0.001163  0.657691  0.196294 -0.037026
 0.011236  0.027975 -0.002993  0.196294  1.083910 -0.097358
-0.001560 -0.003944  0.000655 -0.037026 -0.097358  0.605534
pos_camera:  0.066020 -0.002808  1.527568
pos_camera_inv: 0.277308 1.500462 0.097685
q_camera: -0.622596 0.401390 -0.238356 0.628050
q_camera_inv: 0.622596 -0.401390 0.238356 0.628050
pixel: 102.666664 300.750000 72.875000 299.500000
optical_point(norm,x,y,z): 3.224945 -1.567611 0.315984 2.800539
measured: 1.361521 2.939416 1.272097
delta_t: 0.010069
estimated: 1.214073 2.576734 1.293646 -0.659029 -2.769748 3.078155
coeff:
 0.000577  0.001375 -0.000123  0.004332  0.010564 -0.001364
 0.001375  0.003391 -0.000314  0.010407  0.026023 -0.003421
-0.000123 -0.000314  0.000070 -0.000946 -0.002429  0.000545
 0.004332  0.010407 -0.000946  0.616999  0.171599 -0.031500
 0.010564  0.026023 -0.002429  0.171599  0.987768 -0.082777
-0.001364 -0.003421  0.000545 -0.031500 -0.082777  0.570632
pos_camera:  0.066020 -0.002808  1.527568
pos_camera_inv: 0.277308 1.500462 0.097685
q_camera: -0.622596 0.401390 -0.238356 0.628050
q_camera_inv: 0.622596 -0.401390 0.238356 0.628050
pixel: 107.256294 297.445923 73.142860 294.647614
optical_point(norm,x,y,z): 2.797375 -1.337239 0.248252 2.444478
measured: 1.219859 2.537450 1.324959
delta_t: 0.009930
estimated: 1.219758 2.543096 1.315558 -0.595354 -2.800347 2.938039
coeff:
 0.000588  0.001409 -0.000106  0.004155  0.010178 -0.001209
 0.001409  0.003501 -0.000276  0.010046  0.025258 -0.003064
-0.000106 -0.000276  0.000065 -0.000773 -0.002010  0.000470
 0.004155  0.010046 -0.000773  0.582309  0.152944 -0.027184
 0.010178  0.025258 -0.002010  0.152944  0.913726 -0.071680
-0.001209 -0.003064  0.000470 -0.027184 -0.071680  0.540595
pos_camera:  0.066020 -0.002808  1.527568
pos_camera_inv: 0.277308 1.500462 0.097685
q_camera: -0.622596 0.401390 -0.238356 0.628050
q_camera_inv: 0.622596 -0.401390 0.238356 0.628050
pixel: 107.542900 292.904358 72.818733 290.577850
optical_point(norm,x,y,z): 2.745428 -1.312094 0.215344 2.401960
measured: 1.206584 2.488583 1.355922
delta_t: 0.009927
estimated: 1.212501 2.507438 1.347311 -0.607605 -2.853681 2.859270
coeff:
 0.000606  0.001429 -0.000097  0.004021  0.009728 -0.001097
 0.001429  0.003489 -0.000250  0.009558  0.023721 -0.002735
-0.000097 -0.000250  0.000060 -0.000664 -0.001711  0.000410
 0.004021  0.009558 -0.000664  0.551488  0.136117 -0.023735
 0.009728  0.023721 -0.001711  0.136117  0.843942 -0.062416
-0.001097 -0.002735  0.000410 -0.023735 -0.062416  0.513744
pos_camera:  0.066020 -0.002808  1.527568
pos_camera_inv: 0.277308 1.500462 0.097685
q_camera: -0.622596 0.401390 -0.238356 0.628050
q_camera_inv: 0.622596 -0.401390 0.238356 0.628050
pixel: 107.921257 288.372711 71.878113 285.978851
optical_point(norm,x,y,z): 2.641602 -1.261621 0.178254 2.314001
measured: 1.172038 2.392166 1.390132
delta_t: 0.010011
estimated: 1.195173 2.452062 1.380043 -0.678686 -3.027025 2.793852
coeff:
 0.000602  0.001411 -0.000080  0.003770  0.009067 -0.000938
 0.001411  0.003420 -0.000207  0.008896  0.021957 -0.002330
-0.000080 -0.000207  0.000054 -0.000518 -0.001341  0.000342
 0.003770  0.008896 -0.000518  0.522738  0.120341 -0.020480
 0.009067  0.021957 -0.001341  0.120341  0.780428 -0.053899
-0.000938 -0.002330  0.000342 -0.020480 -0.053899  0.489054
pos_camera:  0.066020 -0.002808  1.527568
pos_camera_inv: 0.277308 1.500462 0.097685
q_camera: -0.622596 0.401390 -0.238356 0.628050
q_camera_inv: 0.622596 -0.401390 0.238356 0.628050
pixel: 108.033333 284.366669 73.717949 280.102570
optical_point(norm,x,y,z): 2.769293 -1.322926 0.153872 2.427998
measured: 1.233648 2.505789 1.415466
delta_t: 0.010079
estimated: 1.205503 2.447764 1.403608 -0.583537 -2.863652 2.665844
coeff:
 0.000584  0.001361 -0.000062  0.003459  0.008281 -0.000774
 0.001361  0.003282 -0.000161  0.008119  0.019951 -0.001921
-0.000062 -0.000161  0.000048 -0.000379 -0.000990  0.000280
 0.003459  0.008119 -0.000379  0.496188  0.105828 -0.017616
 0.008281  0.019951 -0.000990  0.105828  0.722308 -0.046446
-0.000774 -0.001921  0.000280 -0.017616 -0.046446  0.466425
pos_camera:  0.066020 -0.002808  1.527568
pos_camera_inv: 0.277308 1.500462 0.097685
q_camera: -0.622596 0.401390 -0.238356 0.628050
q_camera_inv: 0.622596 -0.401390 0.238356 0.628050
pixel: 109.978951 279.333344 71.283562 277.028931
optical_point(norm,x,y,z): 2.451753 -1.162926 0.112445 2.155470
measured: 1.113924 2.212332 1.449175
delta_t: 0.009969
estimated: 1.170634 2.349648 1.439602 -0.748325 -3.266397 2.634895
coeff:
 0.000580  0.001336 -0.000048  0.003248  0.007702 -0.000656
 0.001336  0.003187 -0.000127  0.007536  0.018350 -0.001616
-0.000048 -0.000127  0.000045 -0.000281 -0.000742  0.000241
 0.003248  0.007536 -0.000281  0.473129  0.094250 -0.015394
 0.007702  0.018350 -0.000742  0.094250  0.673473 -0.040609
-0.000656 -0.001616  0.000241 -0.015394 -0.040609  0.446429
pos_camera:  0.066020 -0.002808  1.527568
pos_camera_inv: 0.277308 1.500462 0.097685
q_camera: -0.622596 0.401390 -0.238356 0.628050
q_camera_inv: 0.622596 -0.401390 0.238356 0.628050
pixel: 108.568184 275.000000 70.948540 272.309937
optical_point(norm,x,y,z): 2.524448 -1.204622 0.087905 2.216754
measured: 1.144407 2.279129 1.475735
delta_t: 0.010014
estimated: 1.153703 2.305745 1.467481 -0.794231 -3.330074 2.549019
coeff:
 0.000548  0.001256 -0.000029  0.002914  0.006873 -0.000506
 0.001256  0.002976 -0.000080  0.006719  0.016273 -0.001248
-0.000029 -0.000080  0.000039 -0.000163 -0.000447  0.000192
 0.002914  0.006719 -0.000163  0.451348  0.082737 -0.013275
 0.006873  0.016273 -0.000447  0.082737  0.626921 -0.035123
-0.000506 -0.001248  0.000192 -0.013275 -0.035123  0.427934
pos_camera:  0.066020 -0.002808  1.527568
pos_camera_inv: 0.277308 1.500462 0.097685
q_camera: -0.622596 0.401390 -0.238356 0.628050
q_camera_inv: 0.622596 -0.401390 0.238356 0.628050
pixel: 108.420631 271.071442 69.518005 269.075500
optical_point(norm,x,y,z): 2.441634 -1.166107 0.063799 2.144225
measured: 1.112871 2.202826 1.498282
delta_t: 0.010004
estimated: 1.131228 2.249325 1.492617 -0.863797 -3.452105 2.458348
coeff:
 0.000516  0.001180 -0.000014  0.002614  0.006147 -0.000389
 0.001180  0.002793 -0.000044  0.006012  0.014533 -0.000966
-0.000014 -0.000044  0.000037 -0.000077 -0.000238  0.000162
 0.002614  0.006012 -0.000077  0.431670  0.073079 -0.011577
 0.006147  0.014533 -0.000238  0.073079  0.586827 -0.030741
-0.000389 -0.000966  0.000162 -0.011577 -0.030741  0.411113
pos_camera:  0.066020 -0.002808  1.527568
pos_camera_inv: 0.277308 1.500462 0.097685
q_camera: -0.622596 0.401390 -0.238356 0.628050
q_camera_inv: 0.622596 -0.401390 0.238356 0.628050
pixel: 105.647797 268.275146 67.440742 266.866669
optical_point(norm,x,y,z): 2.494193 -1.204287 0.049864 2.183622
measured: 1.125681 2.255063 1.515924
delta_t: 0.010005
estimated: 1.115278 2.232777 1.511806 -0.886170 -3.367045 2.337414
coeff:
 0.000484  0.001104 -0.000001  0.002337  0.005481 -0.000293
 0.001104  0.002608 -0.000015  0.005363  0.012941 -0.000735
-0.000001 -0.000015  0.000034 -0.000013 -0.000078  0.000139
 0.002337  0.005363 -0.000013  0.413738  0.064751 -0.010173
 0.005481  0.012941 -0.000078  0.064751  0.551325 -0.027107
-0.000293 -0.000735  0.000139 -0.010173 -0.027107  0.395672
pos_camera:  0.066020 -0.002808  1.527568
pos_camera_inv: 0.277308 1.500462 0.097685
q_camera: -0.622596 0.401390 -0.238356 0.628050
q_camera_inv: 0.622596 -0.401390 0.238356 0.628050
pixel: 108.466667 264.466675 65.414032 264.607025
optical_point(norm,x,y,z): 2.206314 -1.053826 0.028002 1.938166
measured: 1.018337 1.987395 1.529927
delta_t: 0.009973
estimated: 1.073795 2.117071 1.532762 -1.039304 -3.755156 2.252142
coeff:
 0.000454  0.001042  0.000008  0.002096  0.004942 -0.000222
 0.001042  0.002486  0.000006  0.004848  0.011775 -0.000573
 0.000008  0.000006  0.000034  0.000030  0.000025  0.000125
 0.002096  0.004848  0.000030  0.397515  0.057923 -0.009051
 0.004942  0.011775  0.000025  0.057923  0.521206 -0.024212
-0.000222 -0.000573  0.000125 -0.009051 -0.024212  0.381566
pos_camera:  0.066073 -0.002864  1.527566
pos_camera_inv: 0.277401 1.500445 0.097699
q_camera: -0.622560 0.401458 -0.238351 0.628045
q_camera_inv: 0.622560 -0.401458 0.238351 0.628045
pixel: 104.366928 263.652466 64.604095 262.042084
optical_point(norm,x,y,z): 2.399691 -1.164536 0.020513 2.098083
measured: 1.085767 2.169335 1.544672
delta_t: 0.009996
estimated: 1.063090 2.117758 1.539456 -1.027620 -3.583714 2.090554
coeff:
 0.000416  0.000950  0.000016  0.001841  0.004312 -0.000153
 0.000950  0.002248  0.000027  0.004226  0.010198 -0.000401
 0.000016  0.000027  0.000031  0.000067  0.000119  0.000107
 0.001841  0.004226  0.000067  0.382388  0.051310 -0.008048
 0.004312  0.010198  0.000119  0.051310  0.491848 -0.021584
-0.000153 -0.000401  0.000107 -0.008048 -0.021584  0.368419
pos_camera:  0.066073 -0.002864  1.527566
pos_camera_inv: 0.277401 1.500445 0.097699
q_camera: -0.622560 0.401458 -0.238351 0.628045
q_camera_inv: 0.622560 -0.401458 0.238351 0.628045
pixel: 104.603935 261.068878 65.735260 259.085449
optical_point(norm,x,y,z): 2.453853 -1.189778 0.004548 2.146113
measured: 1.113203 2.216102 1.560767
delta_t: 0.010006
estimated: 1.074839 2.129143 1.552863 -0.934379 -3.376143 1.957579
coeff:
 0.000388  0.000894  0.000018  0.001650  0.003893 -0.000121
 0.000894  0.002142  0.000033  0.003826  0.009316 -0.000327
 0.000018  0.000033  0.000031  0.000073  0.000138  0.000102
 0.001650  0.003826  0.000073  0.368652  0.046290 -0.007307
 0.003893  0.009316  0.000138  0.046290  0.467968 -0.019649
-0.000121 -0.000327  0.000102 -0.007307 -0.019649  0.356257
pos_camera:  0.066073 -0.002864  1.527566
pos_camera_inv: 0.277401 1.500445 0.097699
q_camera: -0.622560 0.401458 -0.238351 0.628045
q_camera_inv: 0.622560 -0.401458 0.238351 0.628045
pixel: 106.577866 257.004089 67.046150 254.798721
optical_point(norm,x,y,z): 2.407023 -1.158211 -0.019885 2.109956
measured: 1.106943 2.166799 1.581525
delta_t: 0.010075
estimated: 1.084285 2.118179 1.573347 -0.862401 -3.277406 1.858113
coeff:
 0.000387  0.000884  0.000023  0.001581  0.003702 -0.000090
 0.000884  0.002101  0.000044  0.003636  0.008798 -0.000253
 0.000023  0.000044  0.000032  0.000092  0.000181  0.000101
 0.001581  0.003636  0.000092  0.356215  0.042622 -0.006645
 0.003702  0.008798  0.000181  0.042622  0.447397 -0.017901
-0.000090 -0.000253  0.000101 -0.006645 -0.017901  0.344786
pos_camera:  0.066073 -0.002864  1.527566
pos_camera_inv: 0.277401 1.500445 0.097699
q_camera: -0.622560 0.401458 -0.238351 0.628045
q_camera_inv: 0.622560 -0.401458 0.238351 0.628045
pixel: 106.776154 251.974457 68.737015 248.938019
optical_point(norm,x,y,z): 2.500468 -1.201990 -0.053654 2.191958
measured: 1.154707 2.246466 1.615483
delta_t: 0.009888
estimated: 1.104687 2.137525 1.600802 -0.752949 -3.069061 1.783005
coeff:
 0.000391  0.000881  0.000032  0.001531  0.003540 -0.000054
 0.000881  0.002064  0.000062  0.003471  0.008291 -0.000164
 0.000032  0.000062  0.000033  0.000120  0.000247  0.000096
 0.001531  0.003471  0.000120  0.345109  0.039398 -0.006041
 0.003540  0.008291  0.000247  0.039398  0.428922 -0.016305
-0.000054 -0.000164  0.000096 -0.006041 -0.016305  0.334487
pos_camera:  0.066073 -0.002864  1.527566
pos_camera_inv: 0.277401 1.500445 0.097699
q_camera: -0.622560 0.401458 -0.238351 0.628045
q_camera_inv: 0.622560 -0.401458 0.238351 0.628045
pixel: 107.898445 246.367981 68.221268 242.609192
optical_point(norm,x,y,z): 2.394130 -1.145347 -0.086074 2.100626
measured: 1.119995 2.143646 1.644191
delta_t: 0.009973
estimated: 1.106282 2.118869 1.631598 -0.721203 -3.023803 1.726508
coeff:
 0.000402  0.000895  0.000043  0.001516  0.003465 -0.000013
 0.000895  0.002071  0.000087  0.003392  0.008015 -0.000067
 0.000043  0.000087  0.000035  0.000158  0.000333  0.000098
 0.001516  0.003392  0.000158  0.334701  0.036814 -0.005469
 0.003465  0.008015  0.000333  0.036814  0.412582 -0.014819
-0.000013 -0.000067  0.000098 -0.005469 -0.014819  0.324697
pos_camera:  0.066073 -0.002864  1.527566
pos_camera_inv: 0.277401 1.500445 0.097699
q_camera: -0.622560 0.401458 -0.238351 0.628045
q_camera_inv: 0.622560 -0.401458 0.238351 0.628045
pixel: 107.529549 240.527191 64.360001 238.115234
optical_point(norm,x,y,z): 2.204096 -1.055441 -0.106763 1.932016
measured: 1.039789 1.969904 1.662113
delta_t: 0.010131
estimated: 1.071704 2.046717 1.662062 -0.817885 -3.183385 1.677062
coeff:
 0.000406  0.000895  0.000056  0.001482  0.003356  0.000033
 0.000895  0.002051  0.000115  0.003283  0.007686  0.000039
 0.000056  0.000115  0.000038  0.000200  0.000428  0.000101
 0.001482  0.003283  0.000200  0.324594  0.034344 -0.004919
 0.003356  0.007686  0.000428  0.034344  0.396917 -0.013400
 0.000033  0.000039  0.000101 -0.004919 -0.013400  0.315209
pos_camera:  0.066073 -0.002864  1.527566
pos_camera_inv: 0.277401 1.500445 0.097699
q_camera: -0.622560 0.401458 -0.238351 0.628045
q_camera_inv: 0.622560 -0.401458 0.238351 0.628045
pixel: 107.586441 236.162704 64.065262 232.643570
optical_point(norm,x,y,z): 2.186386 -1.046010 -0.131887 1.915399
measured: 1.036835 1.949757 1.686232
delta_t: 0.009998
estimated: 1.052543 1.990548 1.680770 -0.856818 -3.271989 1.590039
coeff:
 0.000382  0.000846  0.000066  0.001348  0.003059  0.000077
 0.000846  0.001944  0.000140  0.002996  0.007028  0.000142
 0.000066  0.000140  0.000039  0.000231  0.000504  0.000099
 0.001348  0.002996  0.000231  0.315022  0.031431 -0.004436
 0.003059  0.007028  0.000504  0.031431  0.381401 -0.012142
 0.000077  0.000142  0.000099 -0.004436 -0.012142  0.306548
pos_camera:  0.067266 -0.003320  1.527477
pos_camera_inv: 0.278012 1.500298 0.097645
q_camera: -0.622070 0.402511 -0.238605 0.627759
q_camera_inv: 0.622070 -0.402511 0.238605 0.627759
pixel: 107.498009 231.628159 63.376854 227.992081
optical_point(norm,x,y,z): 2.158317 -1.032175 -0.154074 1.889234
measured: 1.033653 1.918141 1.707522
delta_t: 0.009840
estimated: 1.041998 1.942078 1.700562 -0.866501 -3.328326 1.509053
coeff:
 0.000361  0.000794  0.000071  0.001225  0.002767  0.000100
 0.000794  0.001818  0.000151  0.002710  0.006329  0.000196
 0.000071  0.000151  0.000040  0.000239  0.000524  0.000097
 0.001225  0.002710  0.000239  0.306338  0.028760 -0.004075
 0.002767  0.006329  0.000524  0.028760  0.367111 -0.011189
 0.000100  0.000196  0.000097 -0.004075 -0.011189  0.298687
pos_camera:  0.067266 -0.003320  1.527477
pos_camera_inv: 0.278012 1.500298 0.097645
q_camera: -0.622070 0.402511 -0.238605 0.627759
q_camera_inv: 0.622070 -0.402511 0.238605 0.627759
pixel: 107.561874 225.816055 62.848484 223.030304
optical_point(norm,x,y,z): 2.132690 -1.018664 -0.179873 1.865030
measured: 1.027021 1.890178 1.732181
delta_t: 0.010097
estimated: 1.030091 1.901079 1.726331 -0.877518 -3.354683 1.443242
coeff:
 0.000346  0.000753  0.000076  0.001143  0.002551  0.000123
 0.000753  0.001704  0.000161  0.002496  0.005767  0.000245
 0.000076  0.000161  0.000042  0.000250  0.000544  0.000101
 0.001143  0.002496  0.000250  0.297883  0.026556 -0.003730
 0.002551  0.005767  0.000544  0.026556  0.353831 -0.010293
 0.000123  0.000245  0.000101 -0.003730 -0.010293  0.290865
pos_camera:  0.067266 -0.003320  1.527477
pos_camera_inv: 0.278012 1.500298 0.097645
q_camera: -0.622070 0.402511 -0.238605 0.627759
q_camera_inv: 0.622070 -0.402511 0.238605 0.627759
pixel: 108.514320 220.153641 61.603729 218.029144
optical_point(norm,x,y,z): 2.033491 -0.966548 -0.197701 1.778142
measured: 0.990200 1.795294 1.747177
delta_t: 0.009996
estimated: 1.007552 1.836471 1.747620 -0.922176 -3.457753 1.369789
coeff:
 0.000331  0.000714  0.000083  0.001057  0.002344  0.000146
 0.000714  0.001605  0.000175  0.002294  0.005264  0.000298
 0.000083  0.000175  0.000045  0.000264  0.000574  0.000105
 0.001057  0.002294  0.000264  0.290066  0.024543 -0.003416
 0.002344  0.005264  0.000574  0.024543  0.341734 -0.009473
 0.000146  0.000298  0.000105 -0.003416 -0.009473  0.283650
pos_camera:  0.067266 -0.003320  1.527477
pos_camera_inv: 0.278012 1.500298 0.097645
q_camera: -0.622070 0.402511 -0.238605 0.627759
q_camera_inv: 0.622070 -0.402511 0.238605 0.627759
pixel: 110.606064 213.363632 59.698864 212.730118
optical_point(norm,x,y,z): 1.872849 -0.881506 -0.209627 1.639075
measured: 0.928839 1.643991 1.754675
delta_t: 0.010004
estimated: 0.966162 1.725932 1.766314 -1.023606 -3.700805 1.295547
coeff:
 0.000310  0.000665  0.000087  0.000963  0.002119  0.000163
 0.000665  0.001483  0.000184  0.002072  0.004724  0.000334
 0.000087  0.000184  0.000047  0.000270  0.000584  0.000108
 0.000963  0.002072  0.000270  0.282648  0.022619 -0.003149
 0.002119  0.004724  0.000584  0.022619  0.330266 -0.008772
 0.000163  0.000334  0.000108 -0.003149 -0.008772  0.276822
pos_camera:  0.070610 -0.003225  1.526784
pos_camera_inv: 0.278086 1.499602 0.099651
q_camera: -0.621212 0.405912 -0.240270 0.625780
q_camera_inv: 0.621212 -0.405912 0.240270 0.625780
pixel: 102.922668 210.718674 57.389347 208.912766
optical_point(norm,x,y,z): 2.113880 -1.024216 -0.250681 1.832111
measured: 1.030873 1.860110 1.799496
delta_t: 0.009940
estimated: 0.986886 1.766459 1.780549 -0.928646 -3.461792 1.194741
coeff:
 0.000274  0.000583  0.000087  0.000823  0.001800  0.000170
 0.000583  0.001291  0.000183  0.001760  0.003986  0.000351
 0.000087  0.000183  0.000047  0.000262  0.000565  0.000107
 0.000823  0.001760  0.000262  0.275593  0.020550 -0.002934
 0.001800  0.003986  0.000565  0.020550  0.318979 -0.008196
 0.000170  0.000351  0.000107 -0.002934 -0.008196  0.270445
pos_camera:  0.070610 -0.003225  1.526784
pos_camera_inv: 0.278086 1.499602 0.099651
q_camera: -0.621212 0.405912 -0.240270 0.625780
q_camera_inv: 0.621212 -0.405912 0.240270 0.625780
pixel: 101.441696 206.844528 54.363464 203.892654
optical_point(norm,x,y,z): 2.049859 -0.997404 -0.264131 1.771254
measured: 0.999409 1.801565 1.813128
delta_t: 0.010062
estimated: 0.980613 1.764233 1.799743 -0.916398 -3.365338 1.113294
coeff:
 0.000273  0.000579  0.000090  0.000802  0.001745  0.000175
 0.000579  0.001279  0.000187  0.001707  0.003856  0.000360
 0.000090  0.000187  0.000050  0.000262  0.000564  0.000112
 0.000802  0.001707  0.000262  0.269101  0.019407 -0.002736
 0.001745  0.003856  0.000564  0.019407  0.310027 -0.007671
 0.000175  0.000360  0.000112 -0.002736 -0.007671  0.264250
pos_camera:  0.070610 -0.003225  1.526784
pos_camera_inv: 0.278086 1.499602 0.099651
q_camera: -0.621212 0.405912 -0.240270 0.625780
q_camera_inv: 0.621212 -0.405912 0.240270 0.625780
pixel: 100.059959 201.219513 51.214733 197.175201
optical_point(norm,x,y,z): 1.981692 -0.967236 -0.283543 1.706213
measured: 0.967646 1.737208 1.832277
delta_t: 0.009986
estimated: 0.964516 1.735882 1.822604 -0.934102 -3.352112 1.046559
coeff:
 0.000267  0.000570  0.000094  0.000765  0.001672  0.000186
 0.000570  0.001268  0.000199  0.001638  0.003717  0.000387
 0.000094  0.000199  0.000053  0.000269  0.000582  0.000117
 0.000765  0.001638  0.000269  0.263002  0.018289 -0.002542
 0.001672  0.003717  0.000582  0.018289  0.301651 -0.007148
 0.000186  0.000387  0.000117 -0.002542 -0.007148  0.258477
pos_camera:  0.070610 -0.003225  1.526784
pos_camera_inv: 0.278086 1.499602 0.099651
q_camera: -0.621212 0.405912 -0.240270 0.625780
q_camera_inv: 0.621212 -0.405912 0.240270 0.625780
pixel: 98.926369 194.127365 46.683418 190.587936
optical_point(norm,x,y,z): 1.860399 -0.909638 -0.295357 1.595747
measured: 0.912924 1.625170 1.842894
delta_t: 0.009913
estimated: 0.929675 1.667362 1.844137 -1.003397 -3.455170 0.981910
coeff:
 0.000256  0.000549  0.000099  0.000713  0.001562  0.000197
 0.000549  0.001225  0.000210  0.001532  0.003487  0.000413
 0.000099  0.000210  0.000058  0.000274  0.000597  0.000124
 0.000713  0.001532  0.000274  0.257261  0.017144 -0.002366
 0.001562  0.003487  0.000597  0.017144  0.293583 -0.006672
 0.000197  0.000413  0.000124 -0.002366 -0.006672  0.253090
pos_camera:  0.070610 -0.003225  1.526784
pos_camera_inv: 0.278086 1.499602 0.099651
q_camera: -0.621212 0.405912 -0.240270 0.625780
q_camera_inv: 0.621212 -0.405912 0.240270 0.625780
pixel: 93.756485 188.876846 41.195312 187.950516
optical_point(norm,x,y,z): 1.864773 -0.927681 -0.311125 1.587448
measured: 0.899426 1.633084 1.862850
delta_t: 0.010064
estimated: 0.899861 1.636117 1.861718 -1.052518 -3.448305 0.903843
coeff:
 0.000233  0.000501  0.000100  0.000635  0.001395  0.000202
 0.000501  0.001125  0.000214  0.001370  0.003131  0.000428
 0.000100  0.000214  0.000061  0.000272  0.000595  0.000131
 0.000635  0.001370  0.000272  0.251559  0.015927 -0.002209
 0.001395  0.003131  0.000595  0.015927  0.285437 -0.006242
 0.000202  0.000428  0.000131 -0.002209 -0.006242  0.247784
pos_camera:  0.070610 -0.003225  1.526784
pos_camera_inv: 0.278086 1.499602 0.099651
q_camera: -0.621212 0.405912 -0.240270 0.625780
q_camera_inv: 0.621212 -0.405912 0.240270 0.625780
pixel: 90.703606 186.801224 36.532703 185.371155
optical_point(norm,x,y,z): 1.817381 -0.913029 -0.311765 1.540147
measured: 0.869539 1.593668 1.865196
delta_t: 0.010025
estimated: 0.871843 1.601423 1.863932 -1.094981 -3.450087 0.790641
coeff:
 0.000209  0.000458  0.000098  0.000558  0.001247  0.000198
 0.000458  0.001051  0.000214  0.001227  0.002856  0.000430
 0.000098  0.000214  0.000063  0.000261  0.000582  0.000133
 0.000558  0.001227  0.000261  0.246184  0.014830 -0.002089
 0.001247  0.002856  0.000582  0.014830  0.277975 -0.005886
 0.000198  0.000430  0.000133 -0.002089 -0.005886  0.242773
pos_camera:  0.070610 -0.003225  1.526784
pos_camera_inv: 0.278086 1.499602 0.099651
q_camera: -0.621212 0.405912 -0.240270 0.625780
q_camera_inv: 0.621212 -0.405912 0.240270 0.625780
pixel: 86.524734 184.072998 31.451355 182.000000
optical_point(norm,x,y,z): 1.798394 -0.915411 -0.319379 1.514676
measured: 0.849223 1.579891 1.875682
delta_t: 0.009842
estimated: 0.846910 1.577634 1.870924 -1.127167 -3.425207 0.693074
coeff:
 0.000189  0.000422  0.000093  0.000491  0.001112  0.000184
 0.000422  0.000983  0.000206  0.001098  0.002592  0.000407
 0.000093  0.000206  0.000061  0.000239  0.000543  0.000127
 0.000491  0.001098  0.000239  0.241291  0.013833 -0.002013
 0.001112  0.002592  0.000543  0.013833  0.271138 -0.005641
 0.000184  0.000407  0.000127 -0.002013 -0.005641  0.238183
pos_camera:  0.070610 -0.003225  1.526784
pos_camera_inv: 0.278086 1.499602 0.099651
q_camera: -0.621212 0.405912 -0.240270 0.625780
q_camera_inv: 0.621212 -0.405912 0.240270 0.625780
pixel: 83.448433 178.980576 29.061728 174.952377
optical_point(norm,x,y,z): 1.830954 -0.939156 -0.348866 1.532538
measured: 0.856454 1.606086 1.907524
delta_t: 0.010260
estimated: 0.841948 1.576826 1.891840 -1.108796 -3.336726 0.623831
coeff:
 0.000172  0.000391  0.000089  0.000444  0.001022  0.000178
 0.000391  0.000931  0.000202  0.001011  0.002432  0.000401
 0.000089  0.000202  0.000061  0.000228  0.000526  0.000127
 0.000444  0.001011  0.000228  0.236236  0.013022 -0.001904
 0.001022  0.002432  0.000526  0.013022  0.264493 -0.005322
 0.000178  0.000401  0.000127 -0.001904 -0.005322  0.233369
pos_camera:  0.077139 -0.003141  1.524975
pos_camera_inv: 0.280612 1.497210 0.105488
q_camera: -0.619609 0.413137 -0.242624 0.621721
q_camera_inv: 0.619609 -0.413137 0.242624 0.621721
pixel: 80.191109 171.651855 26.225061 169.361313
optical_point(norm,x,y,z): 1.859289 -0.961196 -0.379452 1.545663
measured: 0.895764 1.616504 1.929397
delta_t: 0.009881
estimated: 0.875273 1.574605 1.913242 -1.005295 -3.256153 0.559614
coeff:
 0.000162  0.000372  0.000090  0.000404  0.000942  0.000177
 0.000372  0.000898  0.000207  0.000933  0.002272  0.000406
 0.000090  0.000207  0.000064  0.000224  0.000523  0.000130
 0.000404  0.000933  0.000224  0.231816  0.012260 -0.001809
 0.000942  0.002272  0.000523  0.012260  0.258531 -0.005045
 0.000177  0.000406  0.000130 -0.001809 -0.005045  0.229176
pos_camera:  0.077139 -0.003141  1.524975
pos_camera_inv: 0.280612 1.497210 0.105488
q_camera: -0.619609 0.413137 -0.242624 0.621721
q_camera_inv: 0.619609 -0.413137 0.242624 0.621721
pixel: 74.379166 166.686661 23.666666 166.500000
optical_point(norm,x,y,z): 1.996779 -1.049703 -0.421739 1.645414
measured: 0.938017 1.740535 1.978418
delta_t: 0.009943
estimated: 0.892077 1.634122 1.949205 -0.937392 -3.030522 0.524849
coeff:
 0.000176  0.000388  0.000099  0.000429  0.000960  0.000193
 0.000388  0.000893  0.000217  0.000947  0.002210  0.000422
 0.000099  0.000217  0.000070  0.000240  0.000536  0.000140
 0.000429  0.000947  0.000240  0.227694  0.011784 -0.001678
 0.000960  0.002210  0.000536  0.011784  0.253072 -0.004746
 0.000193  0.000422  0.000140 -0.001678 -0.004746  0.225123
pos_camera:  0.077139 -0.003141  1.524975
pos_camera_inv: 0.280612 1.497210 0.105488
q_camera: -0.619609 0.413137 -0.242624 0.621721
q_camera_inv: 0.619609 -0.413137 0.242624 0.621721
pixel: 72.167381 167.217453 21.784721 170.222229
optical_point(norm,x,y,z): 2.011896 -1.065984 -0.414513 1.655168
measured: 0.935634 1.760168 1.973806
delta_t: 0.009937
estimated: 0.901648 1.676048 1.958861 -0.889633 -2.856532 0.433709
coeff:
 0.000184  0.000408  0.000109  0.000437  0.000988  0.000211
 0.000408  0.000951  0.000243  0.000976  0.002301  0.000468
 0.000109  0.000243  0.000080  0.000259  0.000586  0.000159
 0.000437  0.000976  0.000259  0.223722  0.011374 -0.001547
 0.000988  0.002301  0.000586  0.011374  0.248252 -0.004395
 0.000211  0.000468  0.000159 -0.001547 -0.004395  0.221269
100.033611 /pointgrey_tf_opt
 99.898902 /pointgrey_tf_opt
pos_camera: 0.112120 0.036659 1.493153
pos_camera_inv: 0.320790 1.454892 0.154278
q_camera: -0.621471 0.450809 -0.244844 0.592111
q_camera_inv: 0.621471 -0.450809 0.244844 0.592111
pixel: 88.663849 114.864090 19.322550 115.440193
optical_point(norm,x,y,z): 1.482110 -0.720162 -0.479556 1.203347
measured: 0.909310 1.217343 1.901958
delta_t: 0.160200
estimated: 0.947299 1.258135 1.904404 0.073344 -2.721920 -1.150876
coeff:
0.000258 0.000598 0.000173 0.001157 0.002694 0.000773
0.000598 0.001428 0.000402 0.002676 0.006435 0.001785
0.000173 0.000402 0.000128 0.000777 0.001807 0.000581
0.001157 0.002676 0.000777 0.042930 0.020122 0.005477
0.002694 0.006435 0.001807 0.020122 0.082047 0.012446
0.000773 0.001785 0.000581 0.005477 0.012446 0.038321
pos_camera: 0.112120 0.036659 1.493153
pos_camera_inv: 0.320790 1.454892 0.154278
q_camera: -0.621471 0.450809 -0.244844 0.592111
q_camera_inv: 0.621471 -0.450809 0.244844 0.592111
pixel: 100.447983 113.579620 24.451311 115.892014
optical_point(norm,x,y,z): 1.335316 -0.621115 -0.438697 1.097647
measured: 0.856579 1.083068 1.859045
delta_t: 0.009872
estimated: 0.873323 1.106355 1.872631 -0.098083 -3.112544 -1.351201
coeff:
0.000199 0.000330 0.000112 0.000470 0.001068 0.000308
0.000330 0.000567 0.000185 0.000796 0.001820 0.000522
0.000112 0.000185 0.000072 0.000267 0.000606 0.000178
0.000470 0.000796 0.000267 0.041114 0.013605 0.003656
0.001068 0.001820 0.000606 0.013605 0.067083 0.008063
0.000308 0.000522 0.000178 0.003656 0.008063 0.037934
pos_camera: 0.112120 0.036659 1.493153
pos_camera_inv: 0.320790 1.454892 0.154278
q_camera: -0.621471 0.450809 -0.244844 0.592111
q_camera_inv: 0.621471 -0.450809 0.244844 0.592111
pixel: 110.179489 113.179489 29.805958 118.974594
optical_point(norm,x,y,z): 1.246524 -0.558308 -0.410315 1.036222
measured: 0.827168 1.001073 1.828464
delta_t: 0.009966
estimated: 0.840555 1.016322 1.842175 -0.144639 -3.217389 -1.478139
coeff:
0.000132 0.000212 0.000076 0.000180 0.000392 0.000115
0.000212 0.000357 0.000122 0.000296 0.000653 0.000190
0.000076 0.000122 0.000051 0.000105 0.000228 0.000070
0.000180 0.000296 0.000105 0.041400 0.012269 0.003276
0.000392 0.000653 0.000228 0.012269 0.064940 0.007208
0.000115 0.000190 0.000070 0.003276 0.007208 0.038563
pos_camera: 0.112120 0.036659 1.493153
pos_camera_inv: 0.320790 1.454892 0.154278
q_camera: -0.621471 0.450809 -0.244844 0.592111
q_camera_inv: 0.621471 -0.450809 0.244844 0.592111
pixel: 123.557053 119.288101 39.395878 122.213394
optical_point(norm,x,y,z): 1.172008 -0.497434 -0.379594 0.990995
measured: 0.809785 0.929319 1.793193
delta_t: 0.009985
estimated: 0.819160 0.940154 1.800253 -0.165687 -3.266051 -1.594624
coeff:
0.000108 0.000168 0.000061 0.000093 0.000188 0.000056
0.000168 0.000274 0.000094 0.000147 0.000304 0.000089
0.000061 0.000094 0.000040 0.000052 0.000106 0.000034
0.000093 0.000147 0.000052 0.042097 0.011879 0.003166
